5.328082386233314871e+00 5.779779706689036622e-02 1.000000000000000000e+00
3.677336187719435490e+00 8.154570784340516854e-01 0.000000000000000000e+00
1.638675289609794472e-01 5.474511984631510453e-01 1.000000000000000000e+00
2.192619271918279100e+00 4.529011189064975351e-01 0.000000000000000000e+00
3.766340872406663376e+00 3.347715116853985373e-01 1.000000000000000000e+00
5.699251051184107908e+00 5.515195571770414862e-02 1.000000000000000000e+00
6.257040121294276780e+00 6.641156718494864997e-01 0.000000000000000000e+00
4.342316436839509741e+00 5.848568763971573325e-01 0.000000000000000000e+00
5.443909032279366400e+00 3.923301679378333739e-01 1.000000000000000000e+00
4.107378333899609935e+00 6.469812611756553533e-02 1.000000000000000000e+00
9.913695379865631319e-01 4.602032531364065315e-01 0.000000000000000000e+00
3.518839653741627327e+00 3.475792095235642476e-01 1.000000000000000000e+00
4.457726024459051750e+00 4.043647745972778207e-02 1.000000000000000000e+00
2.989221864752936053e+00 2.619116758353025043e-01 0.000000000000000000e+00
1.348261881104140691e+00 2.153425651174628586e-01 0.000000000000000000e+00
3.779981057907524367e-01 3.095971133120362095e-01 0.000000000000000000e+00
2.449870177945542071e+00 1.508993427961724532e-01 0.000000000000000000e+00
1.383271641938502272e+00 8.033992335452974087e-01 1.000000000000000000e+00
2.795123353965482060e+00 5.230998901030433634e-01 1.000000000000000000e+00
1.612385915802570791e-01 2.960704691197297844e-01 0.000000000000000000e+00
